0
0
0
0
0
0
0
0
0
0
0
0
0
0
0
0
0
0
0
0
0
0
0
0
0
0
0
0
0
0
0
0
0
0
0
0
0
0
0
0
0
0
0
0
0
0
0
0
0
0
0
0
0
0
0
0
0
0
0
0
0
0
0
0
0
0
0
0
0
0
0
0
0
0
0
0
0
0
0
0
0
0
0
0
0
0
0
0
0
9
12
12
10
0
0
0
0
0
0
0
0
0
0
0
0
0
0
0
0
15
1
1
13
0
0
0
0
0
0
0
0
0
0
0
0
0
0
0
0
8
14
14
11
0
0
0
0
0
0
0
0
0
0
0
0
0
0
0
0
0
0
0
0
0
0
0
0
0
0
0
0
0
0
0
0
0
0
0
0
0
0
0
0
0
0
0
0
0
0
0
0
0
0
0
0
4
2
5
0
0
0
0
0
0
0
0
0
0
0
0
0
0
0
2
2
6
0
7
2
2
0
0
0
0
0
0
0
0
0
0
0
0
0
0
0
0
0
0
0
0
0
0
0
0
0
0
0
0
0
0
0
0
0
0
0
0
0
0
0
0
0
0
0
0
0
0
0
0
0
0
0
0
0
0
0
0
0
0
0
0
0
0
0
0
0
0
0
0
0
0
0
0
0
0
0
0
0
0
0
0
0
0
0
0
0
9
12
12
12
12
0
0
0
0
0
0
0
0
0
0
0
0
0
0
9
16
1
1
1
1
0
0
0
0
0
0
0
0
0
0
0
0
0
0
15
1
1
1
1
1
0
0
0
0
0
0
0
0
0
0
0
0
0
0
15
1
1
1
1
1
0
0
0
0
0
0
0
0
0
0
0
0
0
0
15
1
1
1
1
1
0
0
0
0
0
0
0
0
0
0
0
0
9
12
16
1
1
1
1
1
PathPoint{x=96.0, y=320.0, type=START}
PathPoint{x=288.0, y=320.0, type=END}
